Mapcollisions;
0, 753; 321, 800
503, 647; 740, 691
921, 760; 993, 800
903, 527; 1175, 566
1125, 722; 1221, 756
1301, 632; 1783, 668
1927, 749; 3914, 800
2433, 648; 2535, 749
2672, 510; 2789, 624
2905, 400; 3059, 447
3191, 310; 3294, 749
4145, 612; 4252, 649
4444, 555; 4552, 577
4837, 624; 4967, 652
5167, 480; 5235, 515
5497, 384; 5575, 420
5759, 514; 5912, 544
6181, 699; 8000, 800
----END----

Death Boxxes;
1197, 717; 1220, 722
1489, 627; 1572, 633
2789, 588; 2795, 623
3294, 725; 3299, 748
0, 799; 8000, 800
----END----

End Box;

7897, 608; 8000, 699